# Created by Octave 10.3.0, Tue Jan 20 15:24:24 2026 UTC <darvaih@hpc4>
# name: results
# type: scalar struct
# ndims: 2
 1 1
# length: 1
# name: S
# type: struct
# ndims: 2
 1 5
# length: 2
# name: value
# type: cell
# rows: 1
# columns: 5
# name: <cell-element>
# type: scalar
0.90000000000000002



# name: <cell-element>
# type: scalar
0.69999999999999996



# name: <cell-element>
# type: scalar
0.5



# name: <cell-element>
# type: scalar
0.29999999999999999



# name: <cell-element>
# type: scalar
0.10000000000000001





# name: d
# type: cell
# rows: 1
# columns: 5
# name: <cell-element>
# type: scalar struct
# ndims: 2
 1 1
# length: 2
# name: value
# type: scalar
0.10000000000000001


# name: m
# type: struct
# ndims: 2
 1 5
# length: 3
# name: m
# type: cell
# rows: 1
# columns: 5
# name: <cell-element>
# type: scalar
100



# name: <cell-element>
# type: scalar
200



# name: <cell-element>
# type: scalar
500



# name: <cell-element>
# type: scalar
1000



# name: <cell-element>
# type: scalar
2000





# name: lambda
# type: cell
# rows: 1
# columns: 5
# name: <cell-element>
# type: matrix
# rows: 1
# columns: 8
 1 0.5 0.10000000000000001 0.01 0.001 0.0001 1.0000000000000001e-05 9.9999999999999995e-07



# name: <cell-element>
# type: matrix
# rows: 1
# columns: 8
 1 0.5 0.10000000000000001 0.01 0.001 0.0001 1.0000000000000001e-05 9.9999999999999995e-07



# name: <cell-element>
# type: matrix
# rows: 1
# columns: 8
 1 0.5 0.10000000000000001 0.01 0.001 0.0001 1.0000000000000001e-05 9.9999999999999995e-07



# name: <cell-element>
# type: matrix
# rows: 1
# columns: 8
 1 0.5 0.10000000000000001 0.01 0.001 0.0001 1.0000000000000001e-05 9.9999999999999995e-07



# name: <cell-element>
# type: matrix
# rows: 1
# columns: 8
 1 0.5 0.10000000000000001 0.01 0.001 0.0001 1.0000000000000001e-05 9.9999999999999995e-07





# name: M2
# type: cell
# rows: 1
# columns: 5
# name: <cell-element>
# type: matrix
# rows: 1
# columns: 8
 2.9176004341279557e-08 7.2325352592615445e-08 1.3140059069993547e-06 1.5819620318507859e-05 98.391081115028967 172.41506495789832 200.78180859981782 270.42072568316593



# name: <cell-element>
# type: matrix
# rows: 1
# columns: 8
 6.3733141565665223e-09 2.7186841170369831e-08 3.862950397729728e-07 4.0383566218501706e-06 150.87207870820836 187.83294561290077 215.48621270600009 233.91449725104931



# name: <cell-element>
# type: matrix
# rows: 1
# columns: 8
 2.3343224703131101e-09 8.8574685846491408e-09 1.2635090183693311e-07 8.7293724433518485e-07 1.572594978962499e-06 195.23980952554928 218.07977414273361 230.31125453074273



# name: <cell-element>
# type: matrix
# rows: 1
# columns: 8
 2.9870616822570304e-09 5.317000112188894e-09 4.9621912888401538e-08 3.8708932413646605e-07 145.26127069280795 186.02021805748194 227.11163236560284 248.14367173464422



# name: <cell-element>
# type: matrix
# rows: 1
# columns: 8
 1.0931840372874903e-09 2.2859395961551759e-09 2.711995117327284e-08 1.9395496795143042e-07 3.5029892681704277e-07 162.93072486583975 193.62665680312398 3.4483816765738198e-07










# name: <cell-element>
# type: struct
# ndims: 2
 1 2
# length: 2
# name: value
# type: cell
# rows: 1
# columns: 2
# name: <cell-element>
# type: scalar
0.29999999999999999



# name: <cell-element>
# type: scalar
0.10000000000000001





# name: m
# type: cell
# rows: 1
# columns: 2
# name: <cell-element>
# type: struct
# ndims: 2
 1 5
# length: 3
# name: m
# type: cell
# rows: 1
# columns: 5
# name: <cell-element>
# type: scalar
100



# name: <cell-element>
# type: scalar
200



# name: <cell-element>
# type: scalar
500



# name: <cell-element>
# type: scalar
1000



# name: <cell-element>
# type: scalar
2000





# name: lambda
# type: cell
# rows: 1
# columns: 5
# name: <cell-element>
# type: matrix
# rows: 1
# columns: 8
 1 0.5 0.10000000000000001 0.01 0.001 0.0001 1.0000000000000001e-05 9.9999999999999995e-07



# name: <cell-element>
# type: matrix
# rows: 1
# columns: 8
 1 0.5 0.10000000000000001 0.01 0.001 0.0001 1.0000000000000001e-05 9.9999999999999995e-07



# name: <cell-element>
# type: matrix
# rows: 1
# columns: 8
 1 0.5 0.10000000000000001 0.01 0.001 0.0001 1.0000000000000001e-05 9.9999999999999995e-07



# name: <cell-element>
# type: matrix
# rows: 1
# columns: 8
 1 0.5 0.10000000000000001 0.01 0.001 0.0001 1.0000000000000001e-05 9.9999999999999995e-07



# name: <cell-element>
# type: matrix
# rows: 1
# columns: 8
 1 0.5 0.10000000000000001 0.01 0.001 0.0001 1.0000000000000001e-05 9.9999999999999995e-07





# name: M2
# type: cell
# rows: 1
# columns: 5
# name: <cell-element>
# type: matrix
# rows: 1
# columns: 8
 4.8223803545771954e-09 1.3951906822493221e-08 6.2603864049010391e-08 1.9752987575652834e-07 1.8678022692020435e-07 125.01229015542279 239.44572408715734 488.53935216476583



# name: <cell-element>
# type: matrix
# rows: 1
# columns: 8
 1.9149561760734122e-09 5.3187564212107436e-09 2.6584118570646609e-08 9.0286216327792401e-08 1.2949587444575006e-07 1.2877866719645421e-07 1.2914255860775246e-07 1.2917786093633398e-07



# name: <cell-element>
# type: matrix
# rows: 1
# columns: 8
 7.4129978042959125e-10 2.0878039776717708e-09 1.0352511090415111e-08 2.5106481217825042e-08 3.0415042455545084e-08 3.0797164983162246e-08 3.0830446479440694e-08 3.0833849539288194e-08



# name: <cell-element>
# type: matrix
# rows: 1
# columns: 8
 1.3393813089226825 0.73175553364889923 0.17664075612604241 0.021581318341436489 0.0062244274762657606 0.0016058364905498241 0.0002371221271352566 0.00023390974644915195



# name: <cell-element>
# type: matrix
# rows: 1
# columns: 8
 1.5256490980624278e-10 4.4203492505514698e-10 2.2137215311884692e-09 5.6439648478289895e-09 6.3887416458686561e-09 6.4439128638106009e-09 6.4444968578793032e-09 6.4444929017781352e-09








# name: <cell-element>
# type: struct
# ndims: 2
 1 5
# length: 3
# name: m
# type: cell
# rows: 1
# columns: 5
# name: <cell-element>
# type: scalar
100



# name: <cell-element>
# type: scalar
200



# name: <cell-element>
# type: scalar
500



# name: <cell-element>
# type: scalar
1000



# name: <cell-element>
# type: scalar
2000





# name: lambda
# type: cell
# rows: 1
# columns: 5
# name: <cell-element>
# type: matrix
# rows: 1
# columns: 8
 1 0.5 0.10000000000000001 0.01 0.001 0.0001 1.0000000000000001e-05 9.9999999999999995e-07



# name: <cell-element>
# type: matrix
# rows: 1
# columns: 8
 1 0.5 0.10000000000000001 0.01 0.001 0.0001 1.0000000000000001e-05 9.9999999999999995e-07



# name: <cell-element>
# type: matrix
# rows: 1
# columns: 8
 1 0.5 0.10000000000000001 0.01 0.001 0.0001 1.0000000000000001e-05 9.9999999999999995e-07



# name: <cell-element>
# type: matrix
# rows: 1
# columns: 8
 1 0.5 0.10000000000000001 0.01 0.001 0.0001 1.0000000000000001e-05 9.9999999999999995e-07



# name: <cell-element>
# type: matrix
# rows: 1
# columns: 8
 1 0.5 0.10000000000000001 0.01 0.001 0.0001 1.0000000000000001e-05 9.9999999999999995e-07





# name: M2
# type: cell
# rows: 1
# columns: 5
# name: <cell-element>
# type: matrix
# rows: 1
# columns: 8
 28.796873412507651 26.103967580048483 9.6107055739183576 40.444460342660506 107.31882849094472 128.59336461915939 168.01413616537951 267.11715078610962



# name: <cell-element>
# type: matrix
# rows: 1
# columns: 8
 31.382804970181649 24.452514731913723 8.4966509366682299 4.9564298613571385 92.075701699250061 138.74947264797305 198.37754682297279 264.43657192664676



# name: <cell-element>
# type: matrix
# rows: 1
# columns: 8
 32.553757505100677 23.267391483305616 8.5056580595471658 2.4710666491579665 2.1687919929429107 4.3018950208498126 3.0456011072878693 3.0695736785264143



# name: <cell-element>
# type: matrix
# rows: 1
# columns: 8
 32.570434582811295 23.198838348322141 8.3712989983097454 2.3965623788382953 2.3587888287235477 2.5584841683217507 4.8682092973974367 5.2559251661164463



