# Created by Octave 10.3.0, Tue Jan 20 16:11:03 2026 CET <darvaih@hpc2>
# name: results
# type: scalar struct
# ndims: 2
 1 1
# length: 1
# name: S
# type: struct
# ndims: 2
 1 4
# length: 2
# name: value
# type: cell
# rows: 1
# columns: 4
# name: <cell-element>
# type: scalar
0.69999999999999996



# name: <cell-element>
# type: scalar
0.5



# name: <cell-element>
# type: scalar
0.29999999999999999



# name: <cell-element>
# type: scalar
0.10000000000000001





# name: d
# type: cell
# rows: 1
# columns: 4
# name: <cell-element>
# type: struct
# ndims: 2
 1 2
# length: 3
# name: value
# type: cell
# rows: 1
# columns: 2
# name: <cell-element>
# type: scalar
0.29999999999999999



# name: <cell-element>
# type: scalar
0.10000000000000001





# name: lambda
# type: cell
# rows: 1
# columns: 2
# name: <cell-element>
# type: matrix
# rows: 1
# columns: 8
 1 0.5 0.10000000000000001 0.01 0.001 0.0001 1.0000000000000001e-05 9.9999999999999995e-07



# name: <cell-element>
# type: matrix
# rows: 1
# columns: 8
 1 0.5 0.10000000000000001 0.01 0.001 0.0001 1.0000000000000001e-05 9.9999999999999995e-07





# name: M2
# type: cell
# rows: 1
# columns: 2
# name: <cell-element>
# type: matrix
# rows: 5
# columns: 8
 1.8059695221652388e-09 5.1909629410723229e-09 2.4100433002574047e-08 6.3739113559089257e-08 7.6547041927015271e-08 7.9345218471606872e-08 7.9490901806527612e-08 7.9506622885648177e-08
 1.897535698938996e-09 6.824227151976941e-09 2.6877875443201728e-08 8.4253917153015745e-08 9.3964058975336223e-08 9.9346410183149752e-08 1.0059374231958765e-07 1.0072830170706956e-07
 2.1041770107678463e-09 5.0347135617210622e-09 2.620873383107454e-08 7.4435360990102305e-08 1.8359166474235542e-07 7.5931370531676995e-08 1.0808572969012931e-07 1.1059382435888156e-07
 2.076925421797332e-09 5.5954876676781829e-09 3.0816364148981084e-08 1.0352016282257878e-07 9.9836197868424759e-08 1.0093470073904683e-07 9.4971830766453555e-08 9.3286970920069889e-08
 1.9300803372320207e-09 4.8878392372454165e-09 2.7459740933376097e-08 6.1010880804638158e-08 1.0751608133650918e-07 1.0553632492481811e-07 1.0081210428406979e-07 1.0010145647198294e-07



# name: <cell-element>
# type: matrix
# rows: 5
# columns: 8
 28.896018480522756 20.681980000911452 8.4968427584058599 4.9863886481747821 5.4330403443423743 95.486715428321062 180.53863703741001 349.21613075471367
 31.371243624853307 24.452236455822248 8.4966267006967744 4.9519375283285445 5.0583485289379757 123.18548454464195 156.86258994426183 251.57048100750666
 28.896764414419412 24.137904191085614 8.4967098174301903 4.9486958659963722 5.3370664865028123 113.81288376701752 135.0087251743081 200.33507480251401
 28.897065136617169 20.683211876927032 8.4969637336724304 4.9613426887230343 99.980858412672688 128.27449885329588 208.18567035828707 270.77180001062493
 28.895169012661203 20.681761066068233 8.4968614641980604 4.9398472920628143 5.8110471873575102 133.37604347002545 207.02714749797858 379.51485922748316








# name: <cell-element>
# type: struct
# ndims: 2
 1 2
# length: 3
# name: value
# type: cell
# rows: 1
# columns: 2
# name: <cell-element>
# type: scalar
0.29999999999999999



# name: <cell-element>
# type: scalar
0.10000000000000001





# name: lambda
# type: cell
# rows: 1
# columns: 2
# name: <cell-element>
# type: matrix
# rows: 1
# columns: 8
 1 0.5 0.10000000000000001 0.01 0.001 0.0001 1.0000000000000001e-05 9.9999999999999995e-07



# name: <cell-element>
# type: matrix
# rows: 1
# columns: 8
 1 0.5 0.10000000000000001 0.01 0.001 0.0001 1.0000000000000001e-05 9.9999999999999995e-07





# name: M2
# type: cell
# rows: 1
# columns: 2
# name: <cell-element>
# type: matrix
# rows: 5
# columns: 8
 17.400131327648271 11.879753948949489 4.1377043430301166 1.0371541412550831 0.91274193029654538 1.264203476492523 1.9849640891952676 2.1808071649796092
 17.400130801522376 11.87975368094436 4.1377207532012639 1.0360868109184729 0.94914743277092617 3.247070288758136 4.8343415214709227 4.6727703542394119
 17.400134073890172 11.879753726988007 4.137704272135081 1.0362450202984586 0.82378060341862669 5.2130345092651416 5.5402299891112587 5.1079934057401646
 17.400131055770736 11.879752854923586 4.1377106045017058 1.0362313063355533 1.1220794501625164 3.0277474370912656 4.9187401083407067 5.1900194660354781
 17.400131252651306 11.879753968973478 4.1377002376182199 1.0363327206671258 0.92199450662332261 3.3716341693803593 4.4167083847589845 3.8643324012277818



# name: <cell-element>
# type: matrix
# rows: 5
# columns: 8
 35.821278108814717 26.582353858575182 9.3563229211865586 5.0854406041850559 5.8904674983354166 81.765035683716306 103.23882857539483 156.31325254966853
 34.978906095063152 24.227456032177429 9.3541467741508892 5.0215118109732231 19.471211268354789 30.203709245956649 87.321434714836712 102.41924958410348
 36.471784745596459 24.534427735007789 9.3571726283977732 5.0797213959813625 6.1084852029049683 24.674665435770223 72.882787124362665 175.08177461125916
 35.019288267179299 24.237217483178966 9.3572244022565716 5.0679192615664972 5.8295807961002071 80.382974641175494 45.907185468246368 110.5988291281643
 35.146085138123965 24.480071056105363 9.355611226338139 5.0793255323633328 51.108234566295117 27.841716956034546 134.89010941926523 229.66357306620381








# name: <cell-element>
# type: struct
# ndims: 2
 1 2
# length: 3
# name: value
# type: cell
# rows: 1
# columns: 2
# name: <cell-element>
# type: scalar
0.29999999999999999



# name: <cell-element>
# type: scalar
0.10000000000000001





# name: lambda
# type: cell
# rows: 1
# columns: 2
# name: <cell-element>
# type: matrix
# rows: 1
# columns: 8
 1 0.5 0.10000000000000001 0.01 0.001 0.0001 1.0000000000000001e-05 9.9999999999999995e-07



# name: <cell-element>
# type: matrix
# rows: 1
# columns: 8
 1 0.5 0.10000000000000001 0.01 0.001 0.0001 1.0000000000000001e-05 9.9999999999999995e-07





# name: M2
# type: cell
# rows: 1
# columns: 2
# name: <cell-element>
# type: matrix
# rows: 5
# columns: 8
 18.929901586884345 12.206875640649065 3.5216594927123812 0.47216353403188988 0.33578733865997673 0.25288069817775238 1.4603526166961533 1.8007099795602093
 18.922271240893572 12.198636290883138 9.1397750211245175 0.49716047125463614 0.22061518980243028 63.217984903692049 117.0668154823763 136.40661681043991
 19.007972709664291 12.203814497404402 3.521700246054023 0.47366104652387647 0.27120358714969012 0.76216083381156619 2.5198990354178883 2.7140039644315537
 18.928058239474097 12.202621588161781 3.5199015087451149 0.46487555200075642 0.24384793644727279 0.52765269248146507 1.3896943011064895 1.5287653119107216
 18.936112257807888 12.202867215957596 3.5207582300259728 0.48377947482856015 9.917095503786836 10.367076022548421 10.536215117053031 10.587096583233087



# name: <cell-element>
# type: matrix
# rows: 5
# columns: 8
 37.229550167960745 29.022348062013041 14.24277770535326 2.3194539260555329 2.1191038052980176 45.479081835698267 63.330492426893414 97.109593692115993
 37.379991905672519 29.01954072930122 14.302904624800398 8.3825456108170773 23.998492525523073 41.080353203152576 52.211951716048134 65.317601550210966
 37.376370566046234 28.865135455018574 14.18846615126275 6.2981827984851497 19.953828365032063 36.282082398721379 58.378237765895548 75.032534348513366
 37.29986145719802 29.130007868334406 14.846263341675501 12.701289668877166 26.371677625849451 38.690031839316156 59.445916802821209 109.93899617715724
 37.378085685327932 29.085575364528708 14.73104305171081 2.3573662859748836 25.234945277435056 41.197500859545954 54.32380742353434 92.611396246422999








# name: <cell-element>
# type: struct
# ndims: 2
 1 2
# length: 3
# name: value
# type: cell
# rows: 1
# columns: 2
# name: <cell-element>
# type: scalar
0.29999999999999999



# name: <cell-element>
# type: scalar
0.10000000000000001





# name: lambda
# type: cell
# rows: 1
# columns: 2
